40
 0 33 15  0 
 0 13 42  0 
 0 48 18  0 
 0 74  3  0 
 0 62 23  0 
 0 10 71  0 
 0 49  0 
 0 37  2  0 
 0 46 64  0 
 0 79 28  0 
 0 16 43  0 
 0 35 65  0 
 0  4 32  0 
 0 44 12  0 
 0 25 41  0 
 0 50 76  0 
 0 69 56  0 
 0 40 21  0 
 0 59 27  0 
 0 51 77  0 
 0 52 14  0 
 0 75 20  0 
 0  5 29  0 
 0 63 11  0 
 0 55  9  0 
 0 39 60  0 
 0  8 78  0 
 0 34 24  0 
 0 61 68  0 
 0 47 19  0 
 0 57 26  0 
 0 31 17  0 
 0  1  7  0 
 0 30  6  0 
 0 73 36  0 
 0 58 38  0 
 0 72 54  0 
 0 70 53  0 
 0 22 45  0 
 0 66 67  0 
1
12
7
19
17
9
13
14
6
20
3
2
5
6
12
10
7
13
4
2
2
6
10
14
14
13
2
2
9
2
4
2
24
9
12
7
2
5
23
5
